6.8870354
14.495033
14.88952
7.2134433
15.513048
14.670185
7.168189
14.52433
15.877993
5.68938
13.482343
14.321536
6.128284
13.92779
15.055476
5.0206327
12.587262
13.635559
4.3795633
12.291138
12.101278
3.7076817
12.63247
11.476854
3.0736814
11.424695
10.816741
2.7583728
10.151399
9.515057
1.7965009
10.388948
8.492453
1.6375259
8.866936
7.875143
1.3881091
8.172136
5.845811
1.666679
7.313226
4.6316113
1.8647469
5.7976747
3.4609094
2.0642867
4.9404182
2.8217254
2.0326757
3.9272633
2.343338
2.0615916
3.5702891
2.7918217
1.6922972
2.487743
3.1957722
1.5974488
2.3514202
3.4602768
1.2251318
2.5285912
4.460634
1.3445818
3.1772454
3.845025
1.3056259
3.164135
3.729058
1.1916358
3.5144956
3.6440668
1.2532225
3.8802707
2.5563362
1.3870645
3.1981053
2.6019394
1.4746481
2.5920403
2.2143648
1.5946354
2.96227
2.0708578
1.5165462
2.0770879
2.303481
1.6453859
2.2734714
2.0557687
1.290443
2.102438
2.5266027
1.3917336
2.351572
2.8071728
1.5883801
2.2583983
2.4862075
1.3484774
2.301663
3.0351415
1.2852967
2.4854026
3.1565123
1.3721168
2.674096
2.3097343
1.330349
2.4074888
1.8734883
1.4494853
2.5343094
2.1915731
1.4571444
2.4674335
2.1696286
1.2551823
2.2262053
1.9857247
1.3508705
2.264963
2.1210492
1.5431243
2.2969766
2.2124562
1.3858044
2.3847513
2.511623
1.5462172
2.0099013
2.2720573
1.2512504
2.2396111
2.5035908
1.2724988
2.0481715
2.3331335
1.2686226
2.1060526
2.5946994
1.3002155
2.2352548
2.3323588
1.3155427
2.0069485
2.2163024
1.352439
2.0128589
2.0301614
1.4349942
2.1096902
2.0328846
1.5815871
1.9954252
2.3501687
1.2047536
1.8809186
1.9582283
1.3561097
1.9591799
2.1503882
1.1957521
1.957284
2.109801
1.2220438
1.9176606
2.2511275
1.326787
1.9068412
2.0123625
1.2356797
1.9764981
2.064779
1.2685153
2.3157783
2.2211635
1.3638256
2.0869408
2.0879464
1.4006168
1.9961853
2.0905128
1.3793876
1.7390462
2.1601434
1.2166289
1.9939483
2.0207212
1.1696645
1.9985266
2.1403165
1.139329
1.9082081
2.0880342
1.5060165
2.0593448
2.1359582
1.184508
2.2736595
2.2726846
1.1945167
2.06145
2.1271698
1.1509533
2.013431
2.078487
1.4167404
2.1995506
2.2280812
1.2485627
1.8884468
1.8628778
1.2099657
2.118703
1.6963186
1.1107687
1.7449129
2.078475
1.1414022
1.8771063
2.0199962
1.0735574
2.1843388
1.9539231
1.0371101
1.8567674
1.7695959
1.3491994
1.7689885
1.9611727
1.0613937
1.8687134
1.8341739
1.2802131
1.9457794
2.0700915
1.1204556
1.8790507
1.707624
1.3221189
2.1326876
1.8053955
1.172679
2.1234393
1.8748353
1.4969805
2.0667348
2.2669249
1.2126398
1.6905986
1.7747985
1.2370812
1.9354233
1.993537
1.3088737
1.661206
1.988909
1.1108153
2.0467598
2.0925035
1.1424733
1.8754451
1.6619928
1.1296629
1.6113665
1.7009717
1.1792349
1.7321078
1.8169968
1.1870005
1.8198233
2.1248772
1.1088741
1.8918571
1.9131433
1.0746794
1.7953074
1.9358699
1.0279527
1.6859808
2.1136565
1.1065814
1.8156264
1.9592423
1.1898835
1.6670232
1.764333
1.0828193
1.7919606
1.7922604
1.0665677
1.6942723
2.0351138
1.0616832
1.741864
1.6778579
0.905092
1.8136668
1.5644674
1.2413044
1.6921334
1.626193
1.2703717
1.7916845
2.0003386
1.0693979
1.5476854
1.9964966
1.3778069
1.986412
1.8184547
0.974018
1.647609
1.5786465
1.1256859
1.656189
1.8677337
1.0384424
1.5709679
1.7776749
1.0981808
1.4650514
1.7293102
1.1309028
1.7043415
1.8866088
1.0510349
1.5911696
1.5804439
0.99367887
1.4146695
1.7065884
1.2148538
1.5536275
1.991381
1.1111993
1.5551221
1.861651
0.9913173
1.4929589
1.9600971
1.0261387
1.7401612
1.6600189
0.96974474
1.6428874
1.9147716
1.1674902
1.5705768
2.076693
1.1189535
1.666395
1.6792234
1.067719
1.5641034
1.9724846
1.0337479
1.4002007
1.8450283
0.8530874
1.454897
1.7438308
1.0701813
1.5236284
1.444457
0.99064136
1.541297
1.704812
1.0535644
1.3654802
1.5535532
0.9886987
1.5361105
1.845953
0.8881861
1.361001
1.7538621
0.8779693
1.458529
1.6315072
1.0144128
1.57987
1.6388321
1.0577853
1.5389355
1.5735123
0.9394261
1.3242655
1.9579885
0.9618894
1.5294788
1.9030279
0.8219833
1.6523204
1.8675711
1.0631769
1.4437165
1.7931032
0.89763707
1.4285016
1.7571297
0.87200725
1.5313942
1.4045606
0.76928174
1.5637271
1.9000406
1.0443633
1.4765667
1.8199496
0.9318819
1.5236583
1.9199868
1.0092087
1.4807827
1.7345362
0.9083227
1.4730718
1.8401759
0.93529713
1.3241804
1.6078234
0.9587692
1.4372685
1.5357045
0.9394966
1.6001568
1.4838845
0.81596273
1.5633059
1.6442418
0.917139
1.2985601
1.7257735
0.7906543
1.3651631
1.7745025
0.9150547
1.3003784
1.5500009
0.7976699
1.5220587
1.8997473
0.9039159
1.2280362
1.470506
0.9172846
1.2326046
1.785294
0.81840825
1.2898679
1.7674344
0.8041452
1.3247395
1.8585669
0.8050487
1.371118
1.759762
1.0178766
1.6485908
1.7339971
0.7287202
1.228464
1.7347788
0.82641304
1.5857552
1.5710512
0.7477874
1.639381
1.7280655
0.8173733
1.4581598
1.8297983
0.7411759
1.711214
2.0129004
0.77375877
1.4046335
1.4108711
0.64150524
1.3568631
1.4832983
0.8412566
1.5259326
1.8894928
0.7535398
1.3736641
1.6111856
0.8241229
1.7118231
2.1893313
0.78453255
1.4939334
2.1984377
0.71848094
1.601165
1.9445431
0.8448051
1.4879379
1.8839324
0.7624987
1.5798335
1.934761
0.7042863
1.6285267
1.9391958
0.7322356
1.5355113
2.0632148
0.8365386
1.5773463
1.8653488
0.69573545
1.6654608
1.8749247
0.76357305
1.7230513
2.2491808
0.84824514
1.4450135
1.8668165
0.58283263
1.3130605
1.8070383
0.6687535
1.4525402
1.8437946
0.7782592
1.529656
1.6731489
0.6909269
1.7048428
2.0752769
0.8341168
1.5612755
1.9952996
0.70189846
1.3417705
1.7873569
0.7172525
1.5224038
1.9083625
0.7494289
2.0006042
2.1158915
0.5757668
1.3844541
1.4897681
0.6837125
1.2669988
1.827781
0.802346
1.678949
2.074422
0.68031424
1.3288597
1.675617
0.5940006
1.6488175
1.8268073
0.69420844
1.6426418
1.5613371
0.6685506
1.3362963
1.8098813
0.54299694
1.5131016
1.472603
0.66574055
1.1558446
1.7004135
0.6614522
1.2731018
1.6106951
0.65492344
1.2228262
1.7578306
0.7065159
1.3498468
1.8212035
0.61639166
1.1595511
1.4969163
0.86385894
1.2804509
1.4761648
0.64538085
1.3594525
1.4964062
0.6056068
1.1622881
1.6467509
0.64691466
1.3305687
1.6307876
0.7180148
1.3020704
1.5624053
0.6259684
1.3394794
1.7469888
0.79750055
1.3046662
1.587635
0.7175474
1.4083614
1.5664799
0.7104206
1.537575
1.5793965
0.61587393
1.2147374
1.2886776
0.5585528
1.1628554
1.3604702
0.6652258
1.3578672
1.4109731
0.7337899
1.3044019
1.1987889
0.59063756
1.2122462
1.2109003
0.76207113
1.4392275
1.512461
0.6521938
1.3891574
1.2592517
0.56084013
1.0757091
1.2605009
0.6772378
1.3751919
1.5378405
0.6675395
1.1405685
1.2953138
0.5971719
1.121614
1.4167283
0.614915
1.061743
1.0637057
0.6368873
1.0660716
1.2534486
0.75179315
1.1841097
1.2199161
0.6518685
1.0609776
1.1289501
0.66307306
1.0786321
1.3564732
0.6078831
1.0900697
1.1517278
0.66145706
1.2766167
1.1953806
0.644033
1.1474707
1.1087708
0.6123124
0.92154944
1.1110668
0.66055256
1.1539223
1.1649292
0.55188054
0.9545772
0.94717973
0.59186906
0.98481786
1.075767
0.77397937
1.0517228
1.2091892
0.5479611
1.341347
1.2213184
0.6198026
1.2242527
1.1249623
0.6388797
1.1217492
1.1981269
0.6504131
1.1165185
1.2924786
0.60537183
1.2186842
1.0717221
0.5811464
1.3142674
1.1966996
0.84984934
1.0954841
1.116045
0.7591542
1.101257
1.2011849
0.7240746
1.00892
1.0309267
0.693864
0.98342335
1.1897275
0.6911365
0.82643974
1.0862867
0.744552
0.99489415
1.2739697
0.73636603
1.0857253
0.90694773
0.7939955
1.0027156
1.1187382
0.8317852
1.0868007
1.1780685
0.75929666
0.8526708
1.0808828
0.8117239
1.0758934
1.0469544
0.6706281
0.82300067
1.1634544
0.6646639
0.90547335
0.93343306
0.76171213
1.0784205
1.030118
0.6677478
1.152008
1.0826914
0.74180114
1.1488658
0.9613788
0.7693569
0.943426
0.94857156
0.83218366
1.1229608
1.1506939
0.8333239
1.1640309
0.99174184
0.6855193
1.1058158
0.9252031
0.7831875
1.2220302
0.8982307
0.6646723
0.88364303
1.1428738
0.76021266
0.992103
1.1541436
0.6863644
0.9589367
1.2585262
0.7407529
1.1833894
1.0187042
0.79300404
1.2599926
1.046716
0.70574224
1.1538785
1.0080847
0.863946
0.87743497
1.135546
0.70467496
0.89442647
1.252217
0.85152555
1.1372911
1.142478
0.7957024
1.2123487
1.1603277
0.80367744
1.223121
0.9367732
0.88222814
1.0671194
1.1381183
0.742388
1.1305275
1.2252045
0.77702117
1.0727174
0.9797418
0.8544543
1.1065578
1.0022908
0.8240297
1.072202
1.0774479
0.7346597
1.2125945
0.9754437
0.7448493
1.1325104
1.0523138
0.7740488
0.99477637
1.1684246
0.5896411
1.4453065
1.1115913
0.68827397
1.0827107
1.2194977
0.72967327
1.2532904
1.2782592
0.66833484
1.2256987
0.9826191
0.95028895
1.1795516
1.0434489
0.79538965
0.9625409
0.99741167
0.7928326
1.0915778
1.1845309
0.7990848
1.2082486
1.07387
0.87875515
1.0834956
0.9783564
0.8526195
1.098672
1.113907
0.8067295
1.0404735
1.05776
0.7796152
1.3444889
1.050241
0.73618543
1.1586889
1.1643136
0.86232495
1.0133793
1.072016
0.8607271
1.1329286
0.968484
0.8140216
1.241918
1.2944499
0.8483865
1.1907419
0.98927057
0.7018696
1.1186177
1.0925612
0.73816144
1.3876054
1.0824711
0.736117
1.2112619
1.0880826
0.8232993
0.9911512
1.1163535
0.7849554
1.2422321
1.0522544
0.73421687
1.2332919
1.1665161
0.81380105
1.0573856
1.0396705
1.022094
1.3759534
1.1372483
0.8578893
1.001276
1.0618528
0.9682723
1.2092408
1.14927
0.7399983
1.1698538
1.236296
0.8346436
1.175776
1.1995581
0.9045921
1.1824398
1.2573578
0.7761696
0.9654162
1.1945676
0.93987453
1.0420854
1.15078
0.72993934
1.1805356
1.1397012
0.902136
1.1194975
1.1946514
1.0015154
1.2038593
1.2746282
1.0380342
1.0072144
1.1519889
0.8729673
1.0055435
1.0640596
0.8744981
1.2034264
1.129782
0.9095571
1.0632017
1.2456038
0.83912563
1.2568523
1.1493676
0.9413193
1.2356019
1.3530267
0.86539185
1.1779115
1.1801027
0.85844624
1.2707005
1.182123
0.99030447
1.347607
1.2475526
0.9095448
1.4130567
1.3736647
0.8681877
1.2563627
1.4123781
0.9042028
1.4037569
1.1252761
0.7133163
1.5335155
1.264338
0.95468545
1.3367636
1.1439506
0.90082824
1.2723079
1.1276622
0.9974418
1.352241
1.3624482
0.85396427
1.3043926
1.3312542
0.9068139
1.3359573
1.233536
0.960224
1.4811515
1.458323
0.99164134
1.155175
1.1995075
0.93541294
1.3361785
1.3232688
0.9369051
1.2592527
1.1555274
0.8521488
1.6346798
1.1430887
0.883424
1.3180819
1.2516506
0.9236897
1.1775533
1.3010969
0.87982225
1.3449208
1.4063075
0.8514818
1.3295026
1.1607468
1.0147898
1.5267446
1.1204675
0.98920095
1.2220368
1.1137067
0.94138217
1.1387522
1.344984
0.7903012
1.4251246
1.2944179
0.8903741
1.3229359
1.294945
1.0631568
1.3909976
1.3198433
1.153911
1.4013547
1.4112475
1.0828729
1.5404949
1.1922923
1.0315621
1.4161191
1.2984725
1.0790141
1.3348892
1.2713885
0.9891921
1.4284526
1.4340751
1.0825003
1.0961874
1.3768533
0.9621378
1.3566034
1.5091414
0.9648968
1.2433399
1.6084697
0.8992883
1.2527425
1.5643684
0.96614337
1.4811311
1.6069107
1.043092
1.2726165
1.3488365
1.0481584
1.3019904
1.2180932
0.91589904
1.3549712
1.3739805
1.1322196
1.2129625
1.3777149
0.9924218
1.3686125
1.5173051
1.0069014
1.4187686
1.404995
0.9242305
1.3728817
1.7957933
1.2651572
1.3167121
1.6448685
0.9909966
1.2559133
1.9622194
0.9153582
1.6100898
1.6907744
1.1302664
1.5241362
1.4785076
0.9452233
1.6183615
2.1721625
1.1248513
1.577401
1.7088323
0.8683386
1.5369036
1.6943991
1.3157666
1.3834542
1.863576
1.1087725
1.2826114
1.4826299
1.1712304
1.4862423
1.6418321
0.9849913
1.7099001
1.358335
1.2994733
1.4141091
1.4083753
1.4347464
1.5503045
1.708755
1.1608758
1.6749762
1.5444045
1.2281203
1.5954831
1.5292804
1.0361388
1.5737801
1.6291139
1.0613617
1.4773114
1.514695
1.3396165
1.6573696
1.6137228
1.2106686
1.6014109
1.6376494
1.0670092
1.5912986
1.2316742
1.0696295
1.7642542
1.4672219
1.0746675
1.972048
1.4557102
0.8997077
1.6099746
1.6922405
1.0491059
1.627218
1.5633594
1.0244894
2.0850568
1.6165037
1.0903686
1.3350891
1.5799203
1.0824906
1.8019552
1.458852
1.317362
1.760436
1.6622999
1.143642
1.6959774
1.3930273
0.9916628
1.8653687
1.5146253
1.0981497
1.8172748
1.8557487
1.0998702
1.8722007
1.5391779
1.0253121
1.9387313
1.4627442
1.086863
1.6527092
1.6619606
1.2483059
2.22196
1.6801333
0.9683782
1.7608533
1.4823043
1.0453216
1.7900662
1.8091335
1.0132636
1.9304113
1.5761971
1.1036233
1.8030648
1.9290158
1.0100756
2.3977163
1.7315098
1.070156
2.007905
1.5231675
1.1175194
1.728437
1.613259
0.97355986
2.0345693
1.6685331
1.0827056
2.1156383
1.6551162
1.063631
1.799531
1.7851052
1.1651907
2.1438532
1.6443118
1.1426542
2.2066717
1.7432504
1.0539942
1.714128
1.784647
0.91041535
2.0225873
1.7359362
1.1151744
2.0152411
1.8356514
1.1997511
2.4764528
1.8792822
1.1342741
1.9000261
2.039801
1.029208
2.046191
1.8091125
1.0076807
2.062351
1.8014007
1.0649109
2.1716464
1.981555
1.2111611
1.9882034
2.0665803
1.0346348
1.7528253
1.803603
1.2041926
2.0802429
1.9982185
0.960327
1.9129283
1.7322581
1.2218217
1.9727699
1.9233677
1.0885262
2.0929317
1.6432905
1.1385477
2.0101705
1.7929184
1.2870647
2.3983345
1.9077607
1.295902
2.3723147
1.723438
0.9563393
2.628042
1.6919357
1.0785809
2.0088162
1.7516941
1.168482
2.2092443
1.6949639
1.1124897
2.1526155
1.7655836
1.1491356
2.2100482
2.1202173
1.1810117
2.4811707
1.8717599
1.1111162
2.3248048
1.8857517
1.1742251
2.4609003
2.039731
0.9795877
1.970221
2.3231597
1.0249099
2.2060328
1.9521596
1.1945753
2.3273683
1.9315772
1.3333855
2.5378604
2.536027
1.3160175
2.1809502
2.0479188
1.2493062
2.0363555
2.0340486
1.3060268
2.259963
1.9241037
1.1290846
2.4101155
2.2409663
1.1079853
2.2765808
2.1090376
1.1392585
2.0123777
1.9327883
1.0718987
2.5327294
1.7591684
1.0578842
2.5700748
2.1794155
1.0509393
1.9958392
1.992211
1.106186
2.358025
2.2047558
1.1555538
2.3499808
1.833678
1.2457867
2.3570924
2.092119
1.1180351
2.6568155
2.2248144
1.0672667
2.5605934
1.8358893
1.1723919
1.9818993
2.3326902
1.3499277
2.3052669
1.8578665
1.0806382
2.8551626
2.595831
1.0103049
2.2259517
1.9969594
1.0523368
2.2097206
2.0072687
1.1573437
2.382447
2.3180304
1.3274567
2.4333138
2.0743372
1.2833319
2.0526643
1.9471575
1.2362556
2.561368
2.4808106
1.1881373
2.4140296
1.9851003
1.1922529
2.3444052
2.0990853
1.2603536
2.6555972
2.4452212
1.2348034
2.3719363
2.4972038
0.9881478
2.2522323
2.0997388
1.4458385
2.6913967
2.8789291
1.1501799
2.1803532
1.9670495
1.2205851
2.3703585
2.3690462
1.2125685
2.4599628
2.0229554
1.3572172
2.020575
2.3721604
1.529473
2.1975007
2.194301
1.1030415
2.4899037
2.636893
1.2242405
2.5743408
2.2422433
1.5342563
2.5043592
2.7005405
1.3373796
2.0804186
2.1012762
1.0103724
2.4329426
2.2124085
1.0132396
2.4416652
2.5521371
1.3777559
2.870462
2.6434474
1.300129
2.5946126
2.3761044
1.272064
2.5618088
2.6697087
1.2441695
2.7421834
2.7978735
1.3103747
2.8340828
2.5054002
1.2716105
2.767244
2.4338346
1.255636
2.3818045
2.5724835
1.0568389
2.5810952
2.4754572
1.0949994
2.7480006
2.3920808
1.2064906
2.090461
2.1612065
1.0946732
2.51533
2.4835246
1.0938146
2.408504
2.0866017
1.0764804
2.466175
2.8719294
1.1611509
2.6769123
2.4416976
1.2345266
2.6197357
2.6637378
1.2393117
2.459828
2.3756974
1.2535602
3.0354242
2.3530924
1.0234394
2.5087936
1.9901719
1.2544596
2.6477728
2.4606013
1.2170798
2.131
2.2147067
1.1993506
2.2315636
1.9916139
1.2695067
2.7995749
2.2279844
1.087079
3.0145984
2.4247122
1.3146418
2.6988168
2.4237492
1.2632216
2.4647906
2.2628775
1.1645424
2.6517308
2.410637
1.2761648
2.7977967
2.523448
1.1517484
2.3254025
2.7795177
1.4835086
2.38832
2.2258594
1.1916777
2.5860236
2.5173135
1.2054381
2.5821862
2.2933855
1.2470965
2.3731577
2.9759843
1.3045074
2.7753177
2.2642882
1.1457142
2.0725617
2.4065008
1.5190669
2.1868563
2.2679374
1.365502
2.5343163
2.7769575
1.2134659
2.573578
2.2892761
1.2130606
2.5668864
2.6361055
1.2135814
2.9450364
2.3167496
1.2715464
2.5946758
2.7117524
1.2561501
2.7654006
2.5212169
1.3384594
2.8044975
2.4603772
1.3195524
2.7420158
2.3258317
1.1597896
3.1180863
2.4275296
1.2767724
3.143969
2.3526702
1.2283745
2.0941167
2.5444221
1.165925
2.874156
2.4099216
1.3129435
2.7696028
2.5489633
1.0985713
2.9091349
2.728738
1.4038656
3.0893133
2.0792038
1.1966724
2.7770638
2.7752964
1.3129027
2.6099534
2.8650649
1.1951556
2.5792067
2.3780713
1.3792629
2.9196444
2.5867457
1.1917584
3.430256
2.80624
1.32282
2.9268565
2.5304484
1.006124
2.425555
2.1329818
1.3482082
3.006096
2.6303728
1.1198792
3.1055584
2.6714115
1.124839
3.3168774
2.8001401
1.160084
3.039065
2.7064986
1.0903466
2.9287062
2.8499172
1.1044908
3.0455036
2.398971
1.0148857
2.9636471
2.8677294
1.2391005
2.7939463
2.586159
1.2016464
2.9705381
2.6840944
1.2930708
2.873085
2.7619975
1.134484
2.8631573
2.3183932
1.1998465
3.4695086
2.9527452
1.2619017
3.268757
2.4732363
1.2554209
3.088769
2.9055498
1.3248696
3.0995011
2.4623327
1.2603576
3.0593724
2.8403375
1.0917916
2.5277326
2.3608665
1.4064229
3.0667582
2.8784838
1.2809527
2.6259363
2.8323407
1.0284636
3.025016
2.3880105
1.260025
3.024666
2.900231
1.4140962
3.102201
2.9291284
1.0918083
2.9425383
2.7265816
1.1222905
2.6315625
2.4106646
1.3533468
2.7306592
2.444707
1.5293046
3.3000336
2.7401118
1.2719598
2.8235245
2.3749673
1.344074
3.1138775
2.6645126
1.2828388
3.0490518
2.6755543
1.4109018
2.9343357
2.5102196
1.1635244
2.9725056
2.9872127
1.1427443
3.2269108
2.782887
1.3978171
2.7948656
2.5377102
1.3355974
4.203945
2.6802452
1.5864577
3.0197535
2.9890099
1.4226822
2.52037
2.5658948
1.2836295
3.19066
2.5176966
1.2615547
3.4899063
2.5787292
1.4176028
2.9307637
3.1927893
1.3443556
3.1326957
2.8405008
1.4083683
2.9152532
2.7006974
1.3318673
2.893573
2.9536023
1.1524912
3.0070212
2.6328654
1.2610222
3.3323884
2.7804341
1.4214163
3.288629
2.8271794
1.1506615
2.840518
2.5344093
1.3716168
3.3861465
2.5980225
1.239655
3.2836227
2.9522438
1.2668254
2.9205284
2.3573246
1.2615664
3.2936845
2.916106
1.3258576
3.0151625
2.384027
1.0426267
2.9181361
2.7441397
1.4816103
3.5569596
2.8030841
1.4067981
3.5186496
2.5539649
1.2159743
3.165892
2.7672396
1.1834497
2.9151194
2.7254581
1.3101624
3.1806514
2.6765437
1.0872685
3.205263
2.671698
1.5134172
3.1366992
2.8690245
1.2955582
3.076703
2.5475984
1.4459631
3.0694826
2.9989095
1.3190995
3.9110565
2.6936316
1.3196592
3.060793
2.5665526
1.637645
3.431912
2.9757352
1.2310461
3.7585902
3.0351124
1.3332171
3.6829185
2.7951908
1.2773845
3.4146276
2.417616
1.288222
2.647859
2.7504354
1.287879
2.9538896
2.5597012
1.1642151
3.2362401
2.9609377
1.0452651
2.7442083
2.3424344
1.5962714
3.5013704
2.5347326
1.4178313
3.4325297
2.4018426
1.4660437
2.9365902
2.676499
1.2754917
3.2927198
2.5761437
1.332178
3.0974977
2.6154356
1.6396396
3.5622668
3.433938
1.2068529
3.0665045
2.7725654
1.4296054
3.1730776
2.5392816
1.5791283
2.9347453
2.7360353
1.382929
3.7921011
3.2294714
1.4734058
2.7595296
2.6559973
1.3776565
3.300097
2.9149692
1.3476806
3.3019297
2.640948
1.4867555
3.714799
3.0861795
1.1638378
2.4343061
2.4649081
1.4987273
3.2201025
2.8047242
1.2484994
3.2204924
2.9473798
1.3238803
2.9896276
2.7885885
1.2726636
2.9634924
2.6636324
1.1460288
2.858633
2.7263582
1.2732663
2.9242065
3.0235736
1.2522924
3.7801669
2.7387064
1.1272495
2.910475
2.9340072
1.3836088
3.1601999
2.3978944
1.6782794
4.07526
3.0538783
1.4037176
4.0527725
3.2439404
1.6345346
3.255497
2.7853162
1.5875765
3.7092853
2.827527
1.2947502
3.6287613
2.762412
1.3407903
4.0827217
3.2049904
1.2983682
3.1197343
2.4654555
1.405628
3.5265746
3.318253
1.3418164
3.9004803
3.1357226
1.5266352
3.8799381
2.895533
1.4626518
3.5917506
3.2317255
1.3511336
3.5932987
2.6932485
1.4204202
3.2834659
2.8123891
1.2772595
3.2065952
3.0391388
1.3129821
2.9077728
2.4148943
1.3981087
3.4225159
2.5430257
1.5385278
3.942544
2.473476
1.4916406
3.3906121
2.7360034
1.3974373
3.1206703
2.9766529
1.5805917
3.2593226
2.7732244
1.4325676
3.168095
3.127849
1.2806746
3.2321794
2.808738
1.2082047
3.445976
2.6744857
1.0992606
2.8795476
2.6142507
1.2921126
2.6643887
3.5214934
1.3939462
3.8995247
3.1150227
1.3517003
3.0671718
2.9905953
1.2661965
3.0930238
2.894187
1.5040364
3.7737045
2.9632769
1.2191575
3.8389826
2.940565
1.3343557
3.5468698
3.2056217
1.1893412
3.5223927
2.639183
1.2618587
3.9205928
3.0539618
1.4644929
3.5816162
3.4938903
1.5198278
4.328586
2.7693532
1.5778265
3.9704108
3.0929918
1.1235654
3.8183146
3.1963139
1.7519064
3.8908448
3.1654842
1.3697046
3.3785784
2.7889516
1.7303972
3.85602
2.9993
1.3729818
3.4783328
2.827961
1.6140189
3.85212
2.741567
1.396546
3.3509316
3.4885094
1.5580229
4.1280994
2.953185
1.4098337
3.669817
3.3727484
1.4864804
3.7200754
2.9435291
1.3520293
3.6949549
3.118981
1.4911132
3.6316242
2.7698135
1.3290896
4.1893635
3.2164283
1.4075279
3.6233933
2.5720553
1.3354033
3.093822
2.795598
1.5039854
3.4578886
3.3069034
1.5161452
3.3955293
3.0226228
1.4845946
3.5403512
3.0664527
1.449778
3.4124742
3.314736
1.3402526
3.320962
2.9936316
1.5203114
4.5908012
3.0073905
1.326652
3.475812
2.6580706
1.4219582
4.298361
3.043068
1.3754559
3.2851114
2.4441648
1.4448848
3.9487612
3.2502995
1.3857541
2.9529505
2.5097585
1.6645592
4.107922
3.6093855
1.4090564
3.2376254
2.8788133
1.3844088
3.1915703
2.7759838
1.5720868
3.79922
3.2433891
1.2549933
3.9837801
3.2032402
1.3608555
3.5016453
3.1482186
1.3308837
4.274134
3.3630056
1.1474946
3.783258
3.232032
1.3397647
3.593483
2.8683414
1.5287743
3.9502068
3.3066993
1.6806693
4.3665934
3.0896072
1.5122783
3.320119
3.3741148
1.609153
3.834642
2.7261457
1.6192962
3.9241757
3.699023
1.7245843
3.5864005
3.1660006
1.185782
4.0717897
2.9445367
1.3351402
4.347586
3.4232478
1.329457
4.574914
3.426465
1.5514164
3.6961641
3.4892821
1.4464653
3.8055286
2.972012
1.4771744
3.854008
3.5390658
1.3852394
3.3967595
3.2650175
1.6452702
4.039032
2.8343782
1.7053701
4.7066984
3.9401307
1.5135713
4.0464377
3.58645
1.7783535
4.452669
3.7325034
1.8307853
4.3406086
3.5065649
1.82885
3.9033175
2.5313213
1.553189
5.0981708
3.3920624
1.7544184
4.053125
2.8693883
1.1532209
4.1227474
3.0055447
1.6327865
4.18039
3.6259046
1.4818189
3.902543
3.4986167
1.3718746
4.0035477
2.5062344
1.7271769
4.663544
3.1231112
1.6328571
4.4734
3.561284
1.6893872
4.9498186
3.5706077
1.5485477
4.233057
3.4465632
1.7887058
3.9802444
2.9689097
1.4418123
4.1004925
3.0536022
1.604655
3.6049156
3.1757114
1.8654435
4.3000546
3.3772118
2.1078606
5.1082125
3.8291392
1.3850499
3.8511376
3.0658004
1.8048776
4.235964
4.6957273
1.7198213
4.400538
4.1692734
1.5491359
4.1216774
3.4958358
1.5428114
4.5291567
3.7285693
1.7471379
4.3098354
2.6065521
1.56932
4.1049705
3.8248987
1.6839411
5.0282173
3.617252
1.5339308
3.8070555
3.0271738
1.5588624
4.237381
3.7722378
1.7764289
4.3792963
3.3814712
1.6100835
4.5497036
3.8443608
1.7436355
5.542556
3.9261868
1.8584228
4.9587297
4.2082834
1.7037466
4.218776
3.8702254
1.6502615
4.988049
3.4501503
1.6840392
4.640131
3.9377604
1.863004
4.6157165
3.874724
1.5229452
3.9414978
3.3576145
1.5776784
5.063324
4.2829685
1.7291046
4.746237
3.8441133
1.5825843
4.251013
3.6681027
1.416928
4.1636143
3.9478798
1.7261171
5.300007
4.140701
1.8215828
5.8281612
4.6887
1.3672183
4.2462006
3.0042815
1.851837
5.231625
5.1184998
1.5964329
4.5314603
3.3498209
1.4537107
4.8171453
4.0627522
1.8869554
4.77262
3.9093142
1.7507355
4.437612
4.8359337
1.6009544
4.4760375
3.9337935
1.692721
4.3224964
4.23811
1.756016
4.711798
3.6429133
1.35672
5.638834
3.5500884
1.5737152
4.236985
3.5752716
1.7878112
4.7873545
4.2079697
1.7040782
4.487774
4.220693
1.8587476
5.1146965
3.9599063
1.8945473
4.9906683
4.192597
2.129163
5.166517
3.9111154
1.8823714
4.6487036
4.6704116
1.7783688
5.103635
3.7996798
1.8356385
4.6335945
4.6100273
2.088081
4.3957143
4.167608
1.946037
5.3519077
4.403507
1.8939939
5.2142344
3.8092499
1.4465653
4.2167234
4.1759753
1.9102845
5.9039617
4.2083545
1.4265965
4.172308
3.694086
1.5969133
5.0567017
3.8851209
1.9976012
4.771356
3.6518545
1.6707107
4.3934097
3.7230532
1.6716752
4.44596
4.2464952
1.8481042
5.5781803
4.149539
1.8152189
4.276316
3.8933277
1.7912407
4.338354
3.5251422
2.2664812
5.459258
5.2288404
1.60691
4.49225
4.0320277
1.6062942
4.6210585
3.4299417
1.5963008
4.8674545
3.620486
1.5976776
3.8649464
3.4156997
1.7942538
5.16002
3.8683856
1.9528847
4.8517
4.183633
1.9393353
5.937451
4.0992885
1.8521729
4.8570614
4.3393993
1.7134308
5.460151
4.4000807
2.0143843
5.059496
3.2039225
1.9786227
4.9865494
3.896442
1.5825875
4.862091
3.8554466
2.0476825
5.220901
3.8062644
1.5669186
4.581416
2.976934
1.9577595
5.2479343
4.31599
1.6788669
5.00294
3.6204104
1.9474549
4.9690943
3.289329
1.651883
4.929001
4.372015
1.7010702
5.3408346
4.517394
1.6359634
5.2546034
4.558009
1.7718269
5.030907
4.801755
2.131732
5.577462
4.447216
1.9069251
5.391723
4.4489956
2.1042914
7.558871
4.559992
1.9982053
5.0853424
4.941165
1.9315833
5.3931417
3.913663
2.1845703
6.315282
6.7248993
2.4218907
6.0366764
4.479768
1.9207621
5.4777803
5.6814647
2.0779972
6.6514173
5.733879
1.6062747
4.9373784
3.8338873
2.1166131
6.866429
4.5962954
1.9817303
4.996826
4.5742183
2.04511
6.1418843
5.028472
1.9433885
5.3926783
4.9248276
2.0324583
6.7244577
5.249789
2.449674
5.9555254
5.284487
1.9181862
5.743742
5.4255657
1.9079094
6.3513646
4.443656
1.8162072
6.4607615
4.544796
1.6069101
5.713176
4.680886
1.8637266
4.551632
3.6357944
1.8543184
5.3326263
4.79064
2.1223726
6.2143183
4.8685117
1.902354
5.0680466
4.6710234
1.9053717
6.2514544
5.249507
1.8674598
5.3966074
4.5423136
2.0682416
5.2555118
5.030555
2.111875
5.658291
4.1662965
2.1356199
6.126599
5.5996017
1.7813323
4.903205
3.8352656
1.9070356
6.503538
5.3943267
2.059316
6.31771
4.3703985
2.263545
7.0147753
5.5871725
2.3435054
5.8897915
4.203158
1.790971
5.7369404
4.995517
2.2938554
5.5187554
4.65214
2.09785
5.7037325
4.6768446
1.8891596
6.562893
4.597486
2.3696203
5.493154
4.1049185
1.9697597
5.434548
4.340717
2.0500216
5.5858107
4.3186398
2.1559925
6.6605687
4.6703157
2.0641718
5.6840916
4.732494
2.0152621
5.6286755
4.330472
1.8563743
5.0439487
4.9107156
1.7079167
5.3018265
4.091908
2.1434205
5.8936734
4.53034
1.7365102
4.7785864
3.9532394
1.8089573
6.132969
4.602283
2.0392883
6.3768435
5.0430765
2.054644
6.6442385
5.2498283
1.7641993
5.6798716
4.2699385
2.1941495
5.9035864
3.9945338
1.8819605
4.4328384
4.679972
2.124506
5.227309
4.394429
2.2493935
5.4440556
4.6614623
2.2787888
6.625325
4.586076
2.0129333
5.478159
4.75901
1.8382709
5.8782225
4.8745995
2.0623934
5.964789
5.005363
1.9329643
5.757015
4.3881855
2.2569828
6.34534
4.48202
2.4787555
6.493972
4.609258
2.0935264
5.7203
5.2946033
2.0638022
6.6893096
4.8601723
1.8527114
5.623912
4.4672456
1.9528612
5.9164596
4.9192705
2.1048584
6.326771
5.506979
2.2286077
6.745236
4.5116224
1.961906
5.035098
4.3972287
1.729053
6.339277
5.362899
2.3666916
7.03695
5.1671076
2.1865659
7.533123
4.9831514
2.1286492
6.023654
4.9229655
2.1726506
7.278778
4.936986
2.256126
6.2992144
4.970352
2.2737415
7.565125
4.988392
1.6970949
5.6550665
3.7403483
2.3855429
8.088209
5.547908
2.275793
6.3525867
4.28294
2.2553852
8.184122
5.1561775
2.3676848
6.5174484
4.7236414
1.9211705
7.2784643
5.762002
2.3761039
6.69689
6.0266104
2.477159
6.825406
4.799568
2.4858932
7.6823874
5.6856384
1.9400446
5.8309007
4.4676847
2.326569
6.5732245
5.2866626
1.9059031
5.858884
4.7494497
2.3324678
6.5822086
5.2331233
2.2995224
6.4559727
5.384033
1.8313814
7.163326
5.253555
1.9531147
6.504652
4.869115
1.9329324
6.9942975
4.4957
2.3755612
6.8410683
5.9027486
2.069876
6.8372006
5.3626256
1.9727242
6.175902
5.8539963
1.8186052
5.9894366
5.084915
2.200917
7.2789536
6.994683
2.1681066
8.25651
5.1937876
2.431027
6.6809225
5.343132
2.5513535
8.108192
5.753845
2.1102164
7.4582844
5.7808795
1.9698317
7.0951233
5.356332
2.2894273
8.044852
7.1281624
1.92652
6.7272816
5.1425543
1.9963144
6.484117
5.939431
2.067158
6.5662127
4.993729
2.639234
7.3873935
6.973911
2.2466447
6.2843485
4.552617
2.308877
7.6847596
7.7781363
1.79918
6.1329765
5.3905835
2.1072764
6.346552
6.3342805
2.744047
8.191692
7.9633694
2.5049672
6.6402354
5.006941
2.1897001
6.73812
6.041916
3.567928
8.268243
6.36936
2.2929125
7.451043
6.1771264
2.4039083
7.3700423
5.687594
2.4842634
8.957108
6.098801
2.1574564
8.421154
6.7510777
2.6487198
9.018215
6.4555054
2.076298
7.410762
4.8789086
2.0182118
6.1508274
5.235215
3.2974327
9.368561
7.0715094
3.2902403
9.278395
6.977897
2.328288
7.9546833
5.821811
2.4714017
9.295723
6.570999
2.3109493
8.689014
6.6175694
2.4718006
8.5102625
6.759657
2.516118
9.411585
6.415097
2.9868162
9.606134
7.36535
2.6505904
8.701447
6.0810246
2.7027183
9.884519
6.539971
2.4863183
7.684511
6.24424
2.540949
8.078493
6.5017548
2.2208693
7.9605165
6.166995
2.627885
7.2870917
5.523054
2.4284954
9.12653
6.0360374
1.9907043
6.732436
4.862379
2.8443887
9.66718
6.5336075
2.3495588
8.249788
5.7024336
1.9993927
7.3008623
6.04167
2.4902172
8.626479
6.5367165
2.7291481
9.164549
7.4420586
3.0563354
8.293163
5.764733
2.6846507
9.541421
6.737006
2.9048102
8.928716
6.530428
2.4183125
7.3282127
5.9023995
2.4456012
6.639449
5.1648846
2.0878453
7.0630093
4.583384
2.389955
8.035078
6.4720087
2.3044841
8.302844
5.3675456
2.496201
7.431573
5.0917144
2.4464777
8.489008
5.749958
3.603764
9.459269
7.3723125
2.8572845
8.527924
5.527833
2.971394
8.52713
6.866952
2.6286287
7.74506
5.2819214
2.8699899
9.318383
6.8200054
2.1362152
6.9412365
5.022868
2.2614632
7.7732763
5.232465
2.7101617
7.5125527
5.2961993
2.4430904
8.833236
5.543075
1.9055544
8.651834
6.041842
3.2186832
11.5365715
7.4474306
2.8843117
10.46624
7.692685
2.7628765
11.991646
7.536395
2.3076386
7.877573
5.5966907
2.9409337
11.290847
6.8553033
2.5767765
9.428808
7.276984
2.7555828
8.754217
6.980743
3.1111047
11.9450035
9.042997
2.4001532
9.500342
6.5173087
2.882918
9.457008
7.4498777
2.8302412
9.675014
6.2984476
2.9581776
11.486464
6.9169073
2.4748948
8.887645
6.2560787
2.5583146
10.225309
6.170429
2.680245
10.543238
8.068184
2.3425455
9.311514
5.815913
2.7712712
10.415216
7.393774
2.0755243
8.841512
6.1398716
3.0421991
9.574511
7.818832
2.7474556
10.939179
8.3673935
2.4941888
9.067534
6.789297
2.3337493
9.683972
6.0481815
2.253837
9.937046
6.656258
2.9678798
12.017904
8.024946
3.056312
11.066734
7.4201155
2.6210852
9.459459
6.3636236
2.2606916
9.803789
7.050255
3.0465145
10.568753
9.169098
2.4152734
10.257316
8.288593
2.400102
9.841149
7.4196143
2.6314552
9.843632
6.504447
2.3853798
10.20202
6.8237405
2.9795537
11.223557
6.918992
2.9029489
9.812315
7.0598726
2.6078866
9.356964
5.708725
3.0050526
10.19504
7.31944
2.9023447
10.739501
7.9447575
2.8620338
10.762172
6.8061047
2.4430006
9.786276
6.965664
2.7263918
10.986356
7.745523
3.2338734
9.59491
6.468628
2.797989
10.413229
6.6869545
2.792694
9.836918
6.890244
2.348162
10.013437
6.2318244
2.4109368
9.864942
6.6824636
3.0411198
10.745579
7.5431094
2.6494386
10.038945
6.266309
2.346522
11.495422
6.8749423
2.6258368
9.794815
6.6962404
3.2688875
10.992375
7.61635
2.62945
11.290842
6.96801
2.9908376
11.564207
7.246895
2.3736434
9.514172
5.8781414
2.5131395
10.294632
6.852614
2.9877245
11.662624
8.041534
2.498475
7.8118873
6.34354
3.7497365
11.710409
8.757918
3.1477082
11.509457
8.4445305
2.7393556
10.825762
7.0046005
2.7584553
11.573646
7.0656724
2.501885
9.816545
7.682123
2.735942
10.7820835
8.693548
3.0951967
9.318535
7.4394226
3.1457272
12.663681
9.280696
3.5010233
13.550781
10.9660225
2.7399783
11.325605
8.800263
3.1525788
10.316091
8.887889
2.472619
10.369652
7.5275693
2.710773
10.757406
8.07317
3.411158
12.386319
8.091238
3.4587524
13.8600235
11.774937
2.5236568
10.794123
7.745782
3.3750658
11.364628
8.640174
2.9067674
12.699128
9.397818
3.1620243
10.874506
9.203461
3.0430958
10.44846
8.104973
3.9570873
14.329912
11.435968
3.033619
13.443495
9.751662
3.1396189
11.624524
9.180517
2.8469787
11.38712
9.973692
2.9862711
13.006498
9.662301
3.2223616
11.500837
8.669942
2.7976432
11.346164
9.639975
2.6062021
11.0173855
9.705044
3.9784222
13.7090225
10.06027
4.0169334
14.631299
11.157368
3.398636
13.218279
9.8322115
3.2707653
10.834268
8.539046
3.163276
11.775578
8.113966
3.2489214
13.47598
10.063873
4.016406
15.779819
12.690659
3.151115
11.163105
8.496047
3.2540026
13.03346
8.971261
3.123618
13.786237
10.8482065
3.2423282
12.460264
9.892556
2.986416
12.666096
11.033262
3.5830853
13.239292
10.411269
3.2447376
12.993792
9.838199
2.7893298
11.683676
8.331121
3.0524938
10.884997
8.52932
3.6960278
13.435415
9.819023
3.411119
13.088193
9.214652
2.8401089
13.548758
11.01342
3.5647619
11.692221
9.980787
3.5738711
14.218453
9.148638
3.652521
15.027611
12.308182
3.3169806
15.179444
9.439262
4.309676
14.502757
13.383203
3.4340801
12.261629
9.550518
3.0727248
12.697916
10.832326
3.1349857
12.651912
9.913097
3.9538717
16.749489
11.941374
2.9242473
11.720328
10.526163
3.6091323
15.599378
8.464054
3.795509
16.163761
11.707967
3.1788926
15.730421
11.844958
4.0330143
13.585155
10.921267
2.7849965
10.771493
8.710846
4.2327027
13.1806965
10.513928
3.3082247
12.737609
8.650467
3.8452601
14.20249
9.601233
3.525212
13.701078
9.641628
4.910074
14.712019
10.448003
3.3460848
11.915085
8.435125
3.4681726
15.1084795
10.377569
3.1982117
11.8937
9.951904
3.3570228
12.148481
9.025021
3.8888588
17.290813
10.871628
3.913751
14.455432
9.659377
3.4001083
15.720731
10.865836
5.025702
16.13891
13.64124
3.5449977
15.68275
10.380089
3.1722736
13.474936
10.082699
2.9591382
14.815752
10.301475
4.0216208
13.936579
10.953925
4.4389057
16.243464
14.214144
4.03452
15.335276
10.273633
4.325143
18.712353
14.458436
3.5463367
13.529228
10.54642
3.4242132
14.616798
10.256577
3.8986964
14.619211
11.918074
4.062767
17.621197
12.207506
3.3967876
13.963084
9.307516
3.463517
15.260633
10.848234
3.7192473
14.236
10.191888
3.4626923
15.665086
11.202425
4.424981
17.776241
13.182005
3.4796467
14.304903
10.092128
4.2164974
16.965858
12.5336075
4.062477
15.259586
12.06777
3.84824
14.91922
10.123911
3.8610277
15.838145
11.668518
3.9693863
18.623001
13.047079
3.9428153
17.762121
12.189502
3.1583338
12.365333
9.421707
3.545798
16.935202
10.983978
3.6947844
16.016747
10.721755
2.9572816
15.060231
9.957195
4.1377892
16.49136
12.231331
3.8599305
14.695219
9.869856
3.8918614
17.181665
13.538526
5.2663145
19.556602
16.494068
3.39668
15.053015
11.914958
4.0833015
16.122633
11.319685
4.29313
16.506897
11.300486
4.316866
17.270916
13.523938
4.097866
16.750492
11.052567
3.4995933
13.197325
8.831408
3.6042988
17.473192
12.582646
4.0252614
15.872468
11.281433
4.3005886
17.658642
12.709032
3.9842005
16.78352
12.503712
4.616388
18.235764
11.551052
3.8662531
14.722667
9.602232
3.6808262
18.693703
12.114697
4.5853367
18.915367
11.388609
3.8919883
17.528223
12.971449
4.5817523
18.713247
10.693482
4.278591
18.254797
13.492779
4.737626
17.82173
11.3198805
4.769135
16.963467
14.593517
4.397504
20.376308
12.909761
4.369878
16.865183
11.528646
4.009515
15.145619
11.454467
3.6922376
16.09286
10.937067
4.193532
16.46857
10.499321
4.2913923
18.433592
12.35807
4.4117994
18.562965
12.181614
5.1780295
18.788874
10.655314
3.663866
18.666763
10.919284
3.5740523
14.376805
9.6756525
4.132599
15.478603
10.235759
4.0723433
17.822964
12.287327
3.815322
17.671083
10.16795
4.21456
18.171585
12.358107
3.1497045
15.490809
9.623739
3.6715598
15.6315365
10.995322
3.8222618
17.7984
10.51552
3.1303577
14.401762
8.986562
4.5682974
18.580528
12.199725
4.4387097
20.757874
12.372551
4.6665154
18.26738
10.791931
3.804328
17.365788
10.723458
4.0945826
18.563423
10.2419815
4.4412065
18.586023
9.630023
3.876865
18.169226
11.714565
3.9408617
18.14051
9.939032
4.075291
19.09689
11.712499
3.9037652
18.04486
11.503525
3.2360573
16.689579
9.461305
3.9743025
21.170542
11.627785
3.969268
17.489891
12.343765
4.4261193
17.65736
10.353695
3.491381
15.583149
8.177874
4.430007
23.416882
12.254994
3.9785924
19.912582
11.178462
4.7977095
21.207706
13.0863495
4.3791666
19.66579
12.637194
3.713149
16.289358
9.903496
4.3316154
20.80325
12.667355
4.633162
21.004345
12.8532505
3.6086755
20.296919
11.8309145
4.549267
20.870464
12.95281
3.87225
20.812344
12.402683
5.0266457
27.05228
16.46258
5.6780024
27.429838
16.504673
4.0773306
21.653774
14.000861
4.1997356
18.455986
10.967421
4.709523
26.591599
14.779967
4.133121
21.540398
12.492363
3.9949338
21.69457
10.913169
4.568183
23.833324
13.55652
3.8409388
21.430729
11.711316
4.211487
26.15198
17.16883
3.9196846
24.637363
12.20617
3.8933878
20.495821
11.05681
3.5762155
18.416245
9.88344
4.0080247
19.19023
14.673509
3.3037603
19.694935
11.19005
4.040735
22.449154
16.373537
3.7526603
19.530674
13.2246
3.5324645
18.804646
12.471668
4.1813316
18.971184
15.482359
3.8875527
19.636847
11.290953
4.289899
20.279797
14.087944
3.967274
23.448853
16.253307
5.097041
27.864262
22.147259
4.3754506
22.973846
18.9237
3.6485531
18.092342
13.230183
4.048932
21.116714
17.924809
3.9246726
22.123478
13.700479
4.8181224
22.969517
17.295946
4.869649
20.193678
13.599723
4.0278025
19.873993
16.749203
3.87917
22.942307
15.42786
3.9042406
21.096687
13.912008
3.3874385
19.971478
15.417472
4.137827
17.347124
13.787345
4.484878
18.698494
13.847364
4.16603
22.323708
14.892508
4.2828007
22.147755
16.941727
4.778373
20.538017
14.32613
3.9006772
23.973219
16.761906
3.1980228
20.642488
14.923643
3.5463758
23.14133
16.174252
4.646373
25.735401
19.036713
3.9621072
18.049694
12.828276
4.0636663
24.042595
15.189772
4.186083
20.293747
15.007683
4.2367525
21.691938
14.794151
3.603348
19.837296
15.9473
3.985155
19.12891
15.559584
3.3476977
19.751358
16.961296
4.160101
19.775946
14.135925
4.4333086
20.493412
16.133045
5.2632895
22.835413
18.675549
3.7870727
20.148346
15.037401
3.91607
18.065605
15.772272
3.459702
15.854592
11.571779
4.6848173
21.390043
16.966665
3.802506
18.622559
15.882111
4.6368737
22.426216
16.766571
5.374038
23.517605
19.441067
4.3526335
22.07617
17.705498
4.601529
22.406864
17.963455
5.3327684
24.936024
19.127014
4.2857103
20.60335
16.012312
4.4380393
24.399849
19.333546
4.356162
22.535892
19.118494
3.521354
19.875093
14.263865
3.2336457
19.025614
15.193015
4.496724
21.823944
19.38599
4.2722087
22.508768
19.624924
3.886284
19.533876
17.160294
3.638022
22.067112
19.561478
4.6717615
27.66859
20.317492
4.919502
26.852482
23.73019
3.6571608
20.292217
19.05376
4.471901
20.02584
19.224138
5.1807566
25.668419
24.123293
4.5721216
25.467861
18.713585
3.241539
18.984798
15.954157
4.104305
21.151577
22.385948
3.7472067
21.865746
17.733555
5.1912584
28.569996
22.820148
4.1095467
23.635921
23.512798
3.4359102
20.528759
17.570618
4.3587317
23.505314
20.50782
5.1974545
20.114342
24.843796
4.532569
21.468761
21.465187
4.2982917
20.377842
17.207077
4.198061
23.552345
22.395838
4.2433047
20.839607
19.63531
5.5266066
25.513538
23.7015
4.085452
21.243107
21.921614
3.6973124
22.618088
19.383177
4.2504926
23.972534
18.480406
5.0026817
26.220066
22.93539
4.7687893
22.591572
20.25041
3.9037457
18.687162
16.109112
3.0885723
18.688236
17.059036
4.78047
21.383816
19.842424
4.5986953
20.991703
21.067837
4.2434382
21.28722
21.573603
5.326939
26.405924
22.488398
4.041606
19.111563
16.529682
4.2362156
21.559631
20.434639
5.4865155
22.064314
20.72321
4.6993165
24.37859
24.868238
5.395253
21.768253
22.326786
3.799355
20.06123
22.665314
5.187456
23.020462
26.500122
5.484424
23.808056
22.804817
7.2081237
31.315548
30.916191
4.7534027
20.739658
20.07735
5.8571653
23.47397
26.365133
4.6461153
22.336596
19.400536
4.695073
22.232298
22.301573
5.0116816
27.90201
25.035011
4.617159
23.733551
22.98741
4.884428
25.025427
20.015491
5.092793
25.765392
27.532522
4.395569
27.962334
24.863382
4.6104975
24.821709
25.133184
5.66766
27.822239
26.585953
5.0678806
21.843966
27.990341
4.318516
24.114468
23.328835
5.164215
23.919538
25.870708
4.438005
21.370419
21.248634
4.5175486
20.319435
23.32041
4.708731
25.406544
22.259106
4.76239
26.342464
30.73721
4.8686624
24.687363
22.514805
4.9200926
20.939726
25.662626
3.7669811
24.34858
24.589184
4.831588
22.83449
28.896696
4.509879
28.840145
28.14672
4.732761
24.139978
24.11208
4.6902885
22.319847
22.554241
4.552428
24.35464
27.844707
4.5871544
25.475508
25.410948
5.033871
28.359331
33.336246
4.6352286
26.22708
27.378674
5.1663456
28.649796
25.75494
4.241959
24.449577
23.629086
5.6530895
24.998245
25.994009
5.3608875
25.895199
29.402657
4.124995
22.200977
23.325974
4.99761
28.374283
28.692162
4.904699
27.498356
30.614952
5.07181
26.717846
27.034649
5.3769917
29.528793
29.740765
5.799638
29.261559
29.041344
5.438587
31.291586
31.663486
6.8348155
22.70065
26.62659
4.586914
31.566679
29.717024
6.098851
25.920378
24.636032
4.891841
30.148014
31.366821
5.8460507
23.6066
24.611977
4.515747
23.058449
24.698175
5.879183
23.443167
30.012703
5.3773985
28.52502
29.590324
6.1678286
32.096066
42.109116
4.5733056
26.839716
26.046085
5.693621
28.321178
29.687586
3.8235404
30.162457
27.614185
5.880001
29.170094
30.80547
4.3281956
22.210487
23.357426
5.6832047
22.991089
24.50164
5.8801203
32.957222
32.034046
5.758505
32.456738
34.94327
5.3828483
31.580856
33.45102
4.6835785
26.26737
35.782753
5.241098
29.31811
27.215519
4.329962
31.271051
30.67699
4.299405
27.930527
29.589508
5.1064653
29.495865
31.26199
4.866631
28.539412
31.411388
6.0343122
30.14251
33.73658
4.678007
33.915726
31.55288
4.7198277
24.984236
26.581984
5.843746
28.090786
29.859165
4.720131
25.4839
30.542418
5.669595
33.474133
33.04921
5.215172
26.521687
27.968256
5.661197
31.721579
33.645687
5.8551455
33.84191
37.42178
5.06147
32.358414
31.870821
5.555567
30.880264
34.217484
4.4370575
23.738888
26.656345
5.8261843
29.545532
31.786592
4.646764
24.556576
30.182405
5.9089255
32.889343
39.31044
4.346216
32.166313
33.460697
6.1060658
34.807037
35.53136
4.682864
29.906517
37.9695
6.142811
31.84113
39.270622
5.1878
35.25138
36.986763
6.0729303
39.85513
48.35182
5.6582127
33.92652
35.135117
5.805624
35.970776
43.845245
5.2846184
34.12889
36.63981
5.3399787
34.41599
48.299454
6.139155
39.616356
35.425827
5.586348
41.90011
47.326878
5.2852545
36.38667
37.08251
5.7358246
37.12726
47.459118
5.460064
29.995049
32.330956
4.9171767
33.184387
43.021893
4.8152294
37.77793
42.754795
4.7345953
32.704453
37.535618
5.1181684
36.05709
42.94028
5.954177
35.97509
37.969322
5.2446027
36.682007
40.66005
5.0572968
39.534927
40.20404
4.8434086
32.98699
36.617683
5.0932684
31.127184
34.994312
4.7514076
33.566036
38.93077
5.476736
37.17347
39.46061
4.7142763
34.530296
35.73238
5.185466
30.00417
30.582499
6.641368
41.833755
41.5835
4.140181
34.55538
33.08629
5.0589056
29.364902
29.005821
5.0010953
37.984158
36.273495
5.124192
41.39038
46.22593
4.794783
37.481567
39.82708
5.4142942
36.031414
39.613297
5.2973733
40.24631
43.528572
6.1608477
31.984083
43.750893
4.590764
39.908558
37.24253
4.9980927
39.705692
43.412155
4.9182816
33.731583
36.315033
4.9331536
40.570896
49.410007
5.672187
43.78884
45.262764
5.207588
35.70917
41.998463
6.3775263
42.46311
45.78608
4.8460207
38.71652
36.314323
6.1024857
34.580086
38.772964
6.170596
41.852676
43.90051
5.504395
33.312286
44.4037
6.109939
38.263462
41.05764
5.5875244
34.009796
44.35453
4.510389
39.413853
42.346886
5.950989
30.416267
44.83177
5.989026
33.901413
37.464867
6.478024
38.498287
46.693478
5.794753
45.925446
46.02247
5.5074987
28.842596
33.73907
5.9027996
39.34636
44.522285
5.805602
36.40927
39.081448
5.9790344
42.768982
47.436264
5.391328
41.768757
55.126564
5.921139
30.995512
41.189957
4.649416
35.93287
38.570908
5.117392
33.708443
38.184982
4.5095115
31.570747
35.97887
5.090225
35.446392
39.296257
5.862259
43.12493
49.82743
6.4172306
39.530148
46.14685
4.02298
31.177498
35.070835
4.4232826
34.991623
40.316772
5.453846
32.12606
43.11039
5.504204
42.19211
47.921356
6.340536
40.160576
43.642555
5.516651
33.072876
41.89067
4.998521
35.11158
44.992405
4.9836864
35.989098
44.108658
4.9359555
37.802265
44.24427
6.4889174
39.23345
45.8226
4.6312056
35.44674
40.850166
4.960251
36.56015
39.9383
4.71352
35.018753
42.983086
5.2820606
34.740883
42.224396
5.0426655
37.771202
46.0847
4.730436
33.581303
40.767197
4.9247055
30.15066
39.880203
4.836168
31.590221
37.18889
4.6617713
36.233185
49.714706
4.769786
31.651232
44.026196
5.1734486
39.022873
46.798737
6.261691
38.90719
52.47293
4.7477193
33.535973
39.943382
4.1404505
34.433815
37.18888
5.379425
36.0016
44.799763
5.4997516
36.631157
39.6041
4.997202
33.665718
38.30604
4.769779
31.066803
39.48474
6.8024735
43.746124
44.906517
5.291514
36.68519
41.53504
5.9613123
36.571823
40.74976
5.9652033
36.747406
38.73504
6.4377966
42.396507
43.37432
6.031383
35.982933
44.070988
6.150721
41.226326
46.879364
4.5691156
32.89927
46.923573
5.8857656
33.839016
46.560234
5.705546
44.02775
44.489826
5.7794757
41.56983
39.565464
4.7774224
41.48696
40.576233
6.261595
38.198795
45.597946
5.1086817
35.24933
41.826077
6.1078873
43.23355
48.396236
5.6218944
34.95536
46.346474
5.6795435
44.056244
44.43367
6.4854403
42.810974
49.920624
6.6621237
45.481834
54.67753
5.2680593
34.6923
42.59192
4.806727
33.10836
41.36998
4.8458138
34.603092
41.98781
6.2600584
45.49656
51.612167
5.9396877
43.980934
45.095585
5.8499174
35.523865
42.921555
5.0702047
36.356644
42.45317
5.546255
43.70051
43.51045
5.514326
40.49525
52.94761
6.4821267
41.023075
51.590687
5.067714
40.909283
44.458366
6.4734
43.88074
55.666714
7.295222
44.848343
54.00806
6.8037357
40.411114
47.95417
7.3631086
53.738754
63.496998
5.0695953
31.40938
40.18177
5.573095
39.774464
42.892334
4.9137225
35.25335
42.824463
6.551882
44.997814
55.71399
5.541131
41.246017
46.29012
6.471613
48.458626
52.805046
6.021076
40.196266
50.708046
7.5201273
46.347923
47.075764
5.982504
51.55692
61.122868
8.234716
52.110874
64.38342
8.040241
53.254875
68.474686
6.4239545
42.35725
50.26923
7.2739797
42.303528
57.209522
5.844389
38.51943
56.729954
7.1048265
44.36099
55.26077
5.1928425
40.58311
50.87232
6.5284853
36.286095
52.375168
5.511033
38.44111
44.057484
7.003317
39.763054
56.63494
6.420111
48.36582
59.62078
7.4562607
44.681797
57.451412
6.1760554
44.10965
50.72161
6.6418157
44.08583
54.57567
6.5669155
44.19128
59.110985
8.421288
43.190052
52.359455
5.0786963
47.08304
49.434772
5.3436327
42.06846
48.735176
6.7503734
38.494522
48.49405
4.906632
37.337997
45.113823
5.4044094
39.97262
50.72759
5.76649
39.695946
51.477955
7.600957
45.008713
50.81418
6.2649074
35.383923
51.379265
5.8554783
38.34248
51.311356
5.760067
36.403736
50.754326
7.062032
47.62867
51.732178
6.5261364
47.037403
50.986275
7.4042153
50.222477
54.541046
7.6476026
42.544056
60.342495
5.9477105
36.36042
43.744606
6.154026
44.321396
54.236954
6.738096
42.827652
54.705082
6.5295753
43.45581
54.811287
7.18929
46.887856
57.5774
6.5490437
43.447136
53.746502
5.439215
39.18145
52.493736
7.4776754
40.885727
49.816475
7.732617
50.708992
61.383183
6.7753773
41.832016
52.29756
6.844864
52.5615
62.094822
5.7046423
39.34438
44.97225
6.1759663
38.663803
56.27217
7.262213
47.682034
61.388676
6.013453
36.769207
44.570152
6.680757
43.376564
64.45841
6.530224
46.878143
55.491966
6.3694572
36.360687
45.372578
5.1137295
33.103165
41.879635
6.5019884
40.630653
56.988956
6.608968
41.376137
50.98471
5.0532045
31.48658
42.359818
6.048225
40.496597
49.314613
5.8636055
37.432026
47.35801
7.1823087
44.720806
53.92865
7.240832
32.674248
49.066177
6.90967
33.330215
49.36106
6.4578676
35.632988
49.71856
5.0264874
36.5817
51.283234
6.2548094
41.827644
55.450783
6.168726
32.68637
45.41935
6.2286196
39.89262
52.743885
7.7719173
42.05254
59.238686
7.072379
46.098957
65.260765
6.224789
43.932243
52.53335
6.326639
39.492455
56.631504
7.267873
38.950043
50.655212
5.96442
43.71083
53.962826
6.314747
46.02779
65.910446
6.50772
40.563904
51.434784
6.630312
44.61669
49.383484
7.2335835
44.54569
59.69256
7.199455
48.902557
57.9568
5.8682146
35.867928
44.42672
6.682701
44.72174
56.882847
6.937891
42.347107
53.992157
7.535735
56.150204
67.16585
7.7828245
39.894005
59.263412
7.5853863
52.514053
65.00876
6.658922
44.38896
56.509377
5.314589
37.425972
46.682365
6.6074696
40.43572
57.725876
5.1872454
31.805773
40.507942
7.2257767
39.297348
58.785156
7.716566
42.638405
58.565193
6.793277
46.799248
59.701416
7.849662
46.23928
62.34401
7.145464
43.634144
69.936615
6.145116
34.02706
48.314514
6.8591347
34.825405
60.06682
7.0555487
43.508125
54.67799
6.981888
47.898308
58.34472
5.9873676
34.8321
54.635727
6.628768
37.455612
52.277073
7.3231726
41.55126
53.455246
8.063702
45.733772
64.7593
7.4303684
41.238876
51.814697
7.425773
40.14451
54.632202
7.8290486
40.602493
53.786224
7.3185844
44.091965
59.59323
8.047865
51.134968
64.74367
6.7391386
43.474625
55.40487
8.176998
45.458515
53.457676
7.547466
43.807808
60.27159
8.267228
59.16817
70.75702
6.7922354
47.411125
62.028816
8.597408
52.01889
70.55777
7.8990364
45.690475
59.26194
7.313276
51.74064
68.271255
10.209997
58.2841
79.60904
8.441673
49.903366
69.89781
6.091735
40.043083
49.084465
7.263469
48.006588
60.382553
6.609626
45.36355
51.335045
9.657806
54.36444
65.14322
7.018775
44.46708
66.56227
7.9856563
40.615337
53.365433
7.582659
40.307022
53.878983
8.797509
53.220615
68.695244
8.233356
52.23501
68.52281
6.953514
48.348206
60.85407
6.639037
49.123104
54.746048
8.728222
56.075542
68.29075
8.04726
53.729458
68.90436
7.790125
45.83829
56.585865
7.3586373
53.633583
61.33124
8.035158
52.72773
68.32579
6.6589575
48.149006
53.353672
6.8668337
46.39184
59.147552
8.687956
47.00055
62.62351
9.125455
47.469654
69.2398
8.464235
55.143105
65.76967
7.384352
45.29771
59.92309
7.6646304
41.180298
51.77588
6.8095374
41.986275
54.45373
9.6682625
52.235413
72.43197
8.585221
53.426674
62.67828
8.604536
48.504864
61.1442
9.100405
49.98278
63.44423
7.4915543
49.74873
65.92893
7.3127
45.00186
56.451385
7.4390535
55.87476
77.24193
8.542455
48.533398
68.86081
8.2651005
49.238365
59.653107
7.293066
42.997276
58.195747
7.887808
46.394787
61.052536
8.705809
52.422745
67.05614
9.915207
41.311428
55.083862
8.38697
49.751495
67.56802
9.125034
42.04502
64.92589
7.3944006
39.306847
52.728104
8.465189
50.530685
63.357937
9.336699
43.040756
57.59603
10.307772
59.47821
77.583984
7.120531
41.22222
59.715996
7.7188587
40.386585
58.954704
7.794466
47.230362
66.011566
8.78256
42.973648
59.826122
8.137814
44.450478
59.225723
9.104488
52.59363
68.96872
8.703972
41.161587
54.365894
7.833868
47.14859
62.26348
8.882475
61.222164
70.983475
7.7195854
56.572487
83.55305
9.589903
58.572247
69.03327
8.330106
49.747368
67.71156
8.093395
47.173225
58.565437
7.1590185
46.593372
63.540253
10.418286
61.0252
73.584
10.250164
46.151356
62.920135
10.999312
55.063828
70.41742
9.676525
45.37619
60.46806
9.535824
52.823647
73.84592
9.64896
68.905914
83.47986
10.157835
52.530624
75.89974
10.869653
57.046417
74.80394
9.128241
48.749435
63.072086
8.335918
48.74443
65.87201
9.531597
46.693783
65.92088
9.500288
48.91575
68.31888
7.8540025
49.289803
64.567444
8.912472
43.62297
59.09016
9.517083
60.121082
59.65483
10.612467
47.6109
68.09035
9.675648
54.20835
70.885025
9.601007
53.21247
64.166534
11.268229
62.266117
85.299904
9.228605
47.938625
68.62335
10.536459
55.31259
73.513214
8.425718
52.65451
67.50231
7.1554227
44.57135
62.613068
8.787128
58.901833
61.452034
8.832247
45.80542
74.1924
9.2903
56.429012
79.63367
7.434843
42.368923
61.578644
8.086426
60.269066
81.18744
9.0654545
51.26464
80.96405
9.159976
56.88628
71.15276
10.0428505
53.64551
77.71773
8.670091
66.83783
76.943375
9.267751
66.945076
74.456635
8.468728
56.56436
71.442474
8.592287
49.026226
77.84839
8.245099
47.117363
59.982243
8.432221
54.074657
73.217094
6.768525
46.472904
65.59442
9.384063
51.859203
70.38687
9.167913
57.707767
75.65691
9.0906925
58.795418
83.037766
8.071253
47.36138
72.53052
9.261585
47.16828
76.54401
8.72044
57.39547
80.7365
8.172321
54.765457
70.72801
7.839594
47.95732
69.03198
9.704437
56.408497
70.962494
8.163952
55.44545
69.08057
8.459831
48.17432
59.762527
7.412787
52.471775
65.6334
9.935242
50.71457
74.87028
9.679813
59.19084
83.58484
8.652053
47.86283
64.34661
9.388281
58.42894
81.41586
8.013342
46.649673
71.3402
8.581293
57.753326
76.59053
8.012175
53.988045
72.7851
8.773168
52.964058
78.78357
8.513588
50.42113
64.38742
8.273294
54.318085
69.65578
9.212432
69.240395
82.20526
8.90283
60.456764
82.71927
9.503201
54.838524
74.1936
9.116671
62.157417
75.72843
8.411305
53.149544
59.421284
9.102352
53.89263
73.868996
9.0396595
50.51403
67.64494
9.87348
56.39396
71.19618
9.415148
51.851463
71.6704
8.766657
61.062317
74.05029
9.91238
65.68497
79.45401
9.443188
54.89469
72.32549
10.701481
71.8967
86.055046
7.44761
57.413116
72.3159
7.010854
48.321754
60.41349
12.205782
61.04619
80.94789
10.521342
61.531624
91.87404
9.670661
53.060257
74.78272
8.42243
45.39961
66.799515
9.598105
48.389862
66.68724
8.478468
53.828278
74.8103
8.703194
47.607758
65.83554
9.81648
48.070072
71.74355
8.552647
48.276062
64.92194
8.666412
49.738735
66.505646
10.153137
48.649372
59.27143
8.48439
57.29201
73.17665
9.462366
51.633263
63.621353
8.81426
48.207077
70.425125
8.466383
46.978344
58.061703
7.8929987
58.17899
70.61937
7.7683177
51.67871
66.54053
8.877771
50.92433
60.985596
10.741823
49.82393
68.55534
9.396307
49.415054
62.808823
9.234207
57.783966
71.0959
8.361558
42.861183
56.404816
9.560809
61.428165
80.272644
11.9655
64.04027
77.587776
9.218851
60.2642
70.58008
9.522007
61.011005
70.916016
11.155871
58.003334
80.57362
9.980328
52.481255
63.35276
8.829386
51.180553
77.65156
8.950994
51.041008
62.23836
9.195383
54.77089
71.43027
9.89742
61.981937
76.77772
9.669936
60.26139
76.99723
10.340319
66.05358
75.04733
11.984184
57.233387
70.58403
9.395864
60.082565
70.3965
9.565078
64.893845
78.39746
10.220366
53.166378
72.91994
11.618343
57.042164
79.90463
9.753731
48.92241
69.09517
8.434181
48.353775
61.21882
9.397324
54.975685
72.84048
10.369324
60.768223
72.28949
9.525048
54.562202
65.39159
8.398723
61.53728
74.450005
8.94213
55.11089
65.00696
10.016465
52.633167
71.30171
11.390587
65.22117
80.94107
10.247739
50.228577
68.75097
9.983177
62.967667
83.18419
11.554428
54.76671
72.29445
10.822969
68.40683
78.636566
9.481244
61.675823
76.81742
9.628081
66.81893
80.00654
9.529627
50.855873
70.50788
10.102015
59.66493
78.2332
8.28081
64.76464
75.67787
8.393843
44.178905
59.53248
9.064813
59.983032
64.806946
8.969966
61.908264
80.82889
9.569199
55.200737
71.82318
8.455155
55.275566
66.69895
8.415962
54.74697
63.91812
8.494012
50.951202
61.880047
9.690313
52.63442
74.42857
9.428612
72.309494
83.01619
9.484211
59.712326
76.98938
9.845093
65.422775
72.94088
9.115873
41.598976
58.499992
8.597944
62.101944
76.73601
8.477859
65.95304
70.97345
9.652482
68.30885
87.694244
8.734304
56.449394
75.03528
7.295334
55.325737
64.98859
8.753149
63.997902
70.041405
9.382763
49.711514
63.310093
9.373423
78.90386
84.77553
9.306849
53.12525
71.34512
10.796974
60.14537
67.59946
10.59284
56.17809
67.91054
9.296516
65.3387
63.801243
10.715078
64.24446
80.19404
7.86016
55.942738
65.15678
9.665884
55.17256
62.585426
10.077672
66.18484
75.50594
6.914834
53.847027
60.26835
7.9718
64.263626
61.45957
8.299511
60.4401
65.4789
10.474348
66.15227
63.660446
8.854034
55.74096
67.40282
7.662837
56.8233
62.69361
8.6821785
58.335266
72.965096
8.809181
67.73109
79.66429
8.793338
62.236683
66.83261
8.408571
55.721542
68.63734
8.000233
53.098503
55.12908
10.147974
70.230736
85.231384
6.8914948
58.31539
63.209072
9.408375
63.467754
72.76893
8.460203
63.176544
62.110863
9.382669
53.30673
69.75038
10.830744
86.568
87.56973
10.755345
55.50716
68.77771
9.168882
68.16487
66.45207
10.919412
64.56986
82.17782
8.495096
69.019554
72.675835
8.829522
63.79183
73.69203
9.995168
77.34082
72.115906
8.403216
60.563324
66.9591
8.195669
69.41161
76.07619
9.541019
63.515274
74.28209
8.978191
63.7053
75.14226
8.697912
75.614624
73.95261
9.055753
66.76901
67.37216
8.14245
64.62007
67.2659
7.6887703
58.47101
59.23965
8.286108
63.863064
64.29651
9.06525
67.603
60.103233
9.073868
69.81959
84.17408
8.785507
65.29524
64.04745
8.442265
64.06874
62.909134
9.140774
69.020966
77.04785
8.803
67.011246
70.38229
7.352462
66.51745
75.0767
8.655346
59.18364
66.71141
8.129169
66.83777
72.7571
8.267496
71.28766
76.3084
10.259977
79.27306
87.361176
9.245743
66.18553
87.41253
10.17415
79.370285
83.73885
8.526875
68.21875
85.66942
8.432798
65.470245
68.86136
9.53257
77.6622
89.72884
7.0160313
65.345566
73.15678
7.9291925
56.286434
78.25149
10.335342
67.404106
82.45362
7.380019
70.19641
81.21292
7.867517
59.923332
66.594154
7.753057
55.027786
73.85907
7.208637
64.44589
75.778206
11.175318
86.768555
103.43685
9.053019
64.87891
86.98407
8.32037
53.51439
64.79054
7.7867074
68.586685
76.30589
9.027869
62.358063
69.26338
10.238804
69.47261
77.56539
8.444183
60.59401
67.84514
8.77944
65.37001
70.55539
8.163843
61.741924
84.70776
8.245528
67.748505
74.648865
8.55168
57.722862
67.16076
8.111746
54.10379
55.85464
8.319314
54.191956
70.89931
7.033598
59.871635
62.314377
8.265715
64.73075
80.05597
6.958497
49.050613
57.433308
8.057765
55.715588
65.44624
8.626619
66.22227
82.06562
9.486193
58.427322
61.920403
7.641308
49.055412
65.94542
7.0163593
73.826324
73.8427
6.4193583
50.915043
65.44657
6.588214
60.002964
70.981995
8.797917
53.449852
64.83566
7.6074533
49.420784
79.05052
8.791196
81.54199
93.47986
8.067501
55.11598
68.36026
7.209701
57.228207
85.71097
9.838718
65.90924
68.426636
8.228248
57.82858
71.10905
7.2016997
50.589096
67.171486
7.3452744
45.25285
65.11742
7.5734015
49.45621
50.139244
8.527305
50.110775
64.298874
7.328164
58.336784
69.9764
10.054188
67.31814
77.70025
6.350657
51.04467
64.352234
7.9427166
52.356575
69.13918
8.169483
53.91291
69.599434
8.153376
50.338432
72.64484
7.5354853
52.424522
67.09285
7.6392574
57.363953
76.20895
7.1595006
44.35833
59.079773
6.505297
42.606686
82.82878
8.0853405
52.55887
65.75331
8.929998
54.734924
79.34746
7.573868
51.219707
70.90494
6.6669126
55.8209
84.45377
6.6572046
53.66397
64.41392
8.777993
47.828415
79.4017
6.5739207
41.82858
54.112457
7.9357877
43.318016
59.573658
8.9809675
50.50794
60.98082
7.838236
47.129044
66.56101
7.5484595
56.48565
71.24609
7.5968986
49.77968
62.57533
8.832142
49.25688
60.480724
7.908047
53.269714
63.611504
7.9778466
45.025566
64.09083
8.138348
47.724792
69.61317
7.077097
53.933872
65.94116
8.084488
40.561783
56.666695
5.6304717
45.896057
63.80229
9.419957
60.576923
77.97908
8.726492
56.60978
79.68094
7.9959655
54.468124
65.787964
7.4629574
46.924667
71.38542
8.646357
40.0633
55.050877
7.77772
45.539417
67.266914
7.2989655
55.39023
67.30366
7.396514
52.388493
63.963684
6.138118
43.843025
59.583435
6.3714805
50.874016
62.981785
5.4191594
52.54463
67.93347
6.3160877
47.03859
64.844696
8.002199
59.746986
75.5168
8.710631
59.355816
75.47679
6.453461
56.275528
68.66122
9.104416
64.38418
83.19612
7.859284
66.61107
70.708145
7.2047033
52.694607
56.615112
7.8739414
50.991653
70.80188
7.4023504
67.01122
64.37671
7.4817553
47.344185
65.502975
7.3014994
59.175583
70.91786
8.043329
53.358414
59.82203
7.217518
70.71141
72.77595
8.26461
45.726734
67.29874
6.6364365
62.86941
65.74654
9.736046
52.194252
57.731003
5.7179656
50.535282
61.57316
7.591152
47.68456
55.004154
7.446494
53.711502
65.795296
7.1981835
56.39174
55.46824
7.355177
47.633766
57.039314
9.234425
58.7779
65.807686
6.7750425
57.407906
63.539383
7.232164
53.897392
56.968185
7.4020953
57.76223
74.30888
7.5530534
57.76294
53.607704
7.073514
60.027847
62.39617
7.819058
62.5939
64.88655
8.49915
55.675243
64.525246
7.4004326
71.517395
76.55631
7.270423
50.814278
52.135258
8.276875
80.34938
76.142296
6.478978
63.087383
62.181015
5.932573
47.839718
53.575768
6.4707346
44.939365
56.722397
7.459713
56.66826
61.172176
8.106901
61.438435
68.636696
6.1167407
57.55985
60.056686
7.420184
59.634274
80.35757
7.898897
50.875076
59.727013
7.3734736
56.564938
65.90405
7.3628798
52.268547
61.466106
7.0022902
51.552074
58.26902
5.6892395
43.58323
49.088295
7.3916354
54.680107
61.178673
7.004339
45.502632
50.471195
7.3558836
61.03071
57.02551
6.2544127
49.078217
57.26265
8.893167
58.674797
66.639496
8.139681
57.986355
70.44078
7.637949
46.226715
52.79478
7.1332445
49.82302
57.559624
7.5481777
49.920998
72.33108
7.317849
63.68113
71.61789
7.978499
50.674713
61.744125
7.8506193
42.97946
62.09989
7.0385904
47.378304
54.611526
7.2461576
59.38532
70.86167
7.9111943
44.191437
59.000328
7.9441357
55.55736
53.30461
6.4550915
49.53267
58.867985
6.8672276
50.945904
53.17905
6.3743825
47.905113
50.61258
6.7477093
64.4204
56.044334
7.371789
58.70433
68.60242
9.601486
66.89103
66.51648
7.2777953
57.726265
59.784462
10.655698
76.603516
78.22363
5.9938736
49.794205
53.777443
8.892554
66.67771
64.95862
7.945605
60.45317
67.472374
6.352877
39.059494
53.566193
8.089042
54.342056
61.450676
6.667987
45.62371
51.537315
8.785248
65.81678
59.687534
8.398427
72.81216
69.46791
7.4178753
50.07583
53.281784
8.966575
65.22442
65.38187
6.635314
52.439743
57.630844
8.721532
51.363792
63.53664
9.611663
59.920464
60.20638
7.7731214
53.259296
57.39666
8.736107
65.0038
70.57158
9.183775
54.94439
64.50733
8.642538
53.21083
49.993362
10.603825
72.89232
63.807693
7.6966376
47.81486
57.44606
7.4932094
53.34362
51.592056
10.472776
75.85214
80.92512
11.781559
57.127007
62.426865
7.382636
44.93261
